0 [(0, 50); 'pendown'; (270, 100); (90, 50); (90, 100); (90, 50); 'penup'; (180, 50)],
1 [(0, 50); (270, 50); 'pendown'; (135, 70.71067811865476); (225, 100); 'penup'; (180, 100); (270, 0)]
2 [(0, 50); 'pendown'; (0, 50); (270, 50); (315, 70.71067811865476); (135, 50); 'penup'; (90, 100); (270, 0)],
3 [(0, 50); 'pendown'; (0, 50); (225, 70.71067811865476); (135, 50); (225, 70.71067811865476); 'penup'; (135, 50); (90, 100); (270, 0)]
4 [(0, 50); 'pendown'; (270, 50); (90, 50); (270, 50); (180, 100); (270, 0); 'penup']
5 [(0, 50); 'pendown'; (270, 50); (90, 50); (270, 50); (270, 50); 'penup'; (270, 100); 'pendown'; (270, 50); 'penup']
6 [(0, 100); 'pendown'; (225, 70.71067811865476); (45, 50); (90, 50); (90, 50); (90, 50); 'penup'; (225, 70.71067811865476); (315, 0)]
7 [(0, 50); 'pendown'; (0, 50); (225, 70.71067811865476); (45, 50); 'penup'; (180, 50); (315, 70.71067811865476); (315, 0)]
8 [(0, 50); 'pendown'; (0, 50); (270, 50); (270, 50); (270, 50); (180, 100); (90, 50); (90, 100); 'penup'; (270, 0)]
9 [(0, 50); 'pendown'; (0, 50); (270, 50); (270, 50); (270, 50); 'penup'; (180, 100); 'pendown'; (135, 70.71067811865476); 'penup'; (45, 50); (270, 0)]
